C------------------
C YYYYMMDD  TAI-UTC
C------------------
  20170101     37
  20150701     36
  20120701     35
  20090101     34
  20060101     33
  19990101     32
  19970701     31
  19960101     30
  19940701     29
  19930701     28
  19920701     27
  19910101     26
  19900701     25
  19880101     24
  19850701     23
  19830701     22
  19820701     21
  19810701     20
  19800101     19
  19790101     18
  19780101     17
  19770101     16
  19760101     15
  19750101     14
  19740101     13
  19730101     12
  19720701     11
  19720101     10
C END